cycle_sec	speed_mph
0	0.0
1	0.0
2	0.0
3	0.0
4	0.0
5	0.0
6	4.2832102248375
7	7.7754035134875
8	11.709636225360835
9	15.728895119773336
10	19.721721678771665
11	23.628657098297083
12	27.31336372695667
13	30.59752095646667
14	33.362629706603336
15	35.60724838257708
16	37.4341580328575
17	38.98242138795458
18	40.36210187430917
19	41.638759496493336
20	42.839579939370005
21	43.96026632081667
22	44.98608647361334
23	45.91220408014333
24	46.7411489066
25	47.46972154278
26	48.09107673943667
27	48.61272938982667
28	49.06421823351334
29	49.48207606895333
30	49.890558888953336
31	50.298446469766674
32	50.708417387433336
33	51.11779306601333
34	51.50826990376667
35	51.84696094138
36	52.10365779548
37	52.26786937717667
38	52.35380701962667
39	52.38922374503333
40	52.39919399966
41	52.40269102925667
42	52.41690236231333
43	52.45440242447334
44	52.5157120499
45	52.58654550061334
46	52.64361404761
47	52.66846527930334
48	52.66072717127668
49	52.63929856425666
50	52.63059319272667
51	52.65350989731333
52	52.71243856649333
53	52.80165002387
54	52.91236449309
55	53.03505814886667
56	53.16095121464667
57	53.28617463651667
58	53.413927824480005
59	53.550832813313335
60	53.7009818717
61	53.86340773623667
62	54.03476218687334
63	54.21392915056
64	54.40239672486334
65	54.59979288546668
66	54.80165333907001
67	55.00098402658001
68	55.188261122810005
69	55.34949650907333
70	55.468023491243336
71	55.53342538535333
72	55.55053850902
73	55.53788967845334
74	55.51727952529
75	55.50351462147333
76	55.49979437730667
77	55.50053842614
78	55.49778544537667
79	55.48625268816
80	55.46527051048
81	55.43580617594001
82	55.39681801611333
83	55.34875246024
84	55.30038928477333
85	55.26772554023
86	55.263782081293336
87	55.29012141065334
88	55.33759172744
89	55.39421384509667
90	55.45329132402334
91	55.51311285168333
92	55.57040461335001
93	55.62226481831333
94	55.67672919439334
95	55.75076205521
96	55.84890209878667
97	55.95150643556334
98	56.03603038517
99	56.107831099386665
100	56.19696815194
101	56.283129009060005
102	56.20931936291333
103	55.81259251480001
104	55.219436769686666
105	54.814450979283336
106	54.86393022800001
107	55.31028513457667
108	55.84830685970001
109	56.15984011419668
110	56.17375382776
111	56.02680417937667
112	55.83744374649334
113	55.649199386860005
114	55.42174365263
115	55.044510884530006
116	54.51080464266
117	54.0112502432
118	53.78379450897
119	53.88885420701667
120	54.126726625113335
121	54.23141429864333
122	54.14220284116667
123	54.00447939867667
124	53.94912216401667
125	53.966979336516665
126	53.983050791656666
127	53.96452397524667
128	53.92322926399667
129	53.872485132183336
130	53.82248504930334
131	53.7924998806
132	53.80671121365668
133	53.87977681097001
134	54.00604190126667
135	54.15849751107667
136	54.30113167610667
137	54.410804476900005
138	54.48811115264333
139	54.54867672923667
140	54.60961433024666
141	54.67776920512001
142	54.74391514816334
143	54.79116225028
144	54.80678727618
145	54.7858050985
146	54.72948060043667
147	54.64183164555
148	54.5291082444
149	54.40105743694334
150	54.26824471679333
151	54.14250046076
152	54.03915207515
153	53.97263410779
154	53.953809671786665
155	53.99130973394667
156	54.08922656295334
157	54.24361669977
158	54.43900392844334
159	54.645923914233336
160	54.82940636127334
161	54.96765063802667
162	55.06430258393667
163	55.14257652318334
164	55.22300820420667
165	55.303588694876666
166	55.36780011081334
167	55.40916922708668
168	55.43774070294666
169	55.47137171109333
170	55.525464062656674
171	55.60120823581
172	55.685360161000006
173	55.75827694856667
174	55.79778594265667
175	55.79116390788
176	55.75076205521
177	55.71199710995334
178	55.71259234904
179	55.769735300860006
180	55.875241428146666
181	56.00500354804001
182	56.12933411123
183	56.22665570115
184	56.29295045394
185	56.33930469737668
186	56.38387322365334
187	56.43826319481
188	56.49823353231667
189	56.551433025200005
190	56.58729617994666
191	56.59682000523334
192	56.57263841755
193	56.5134865337
194	56.42546555449668
195	56.31683442203001
196	56.18870920965001
197	56.030747638313336
198	55.83171457029667
199	55.59666953788668
200	55.35187746542
201	55.133127102820005
202	54.96809706736667
203	54.86564154033667
204	54.816162291720005
205	54.796742616630006
206	54.77977830281001
207	54.74711455816667
208	54.69927221696333
209	54.65120666109
210	54.61995660929
211	54.61251612075667
212	54.62323042431667
213	54.64153402605666
214	54.65745667145
215	54.66229298906666
216	54.65046261225668
217	54.62070065812333
218	54.57628094169333
219	54.52531359531
220	54.47769446877666
221	54.439747977276674
222	54.411027691570006
223	54.38595324520667
224	54.36050677452667
225	54.33848292842
226	54.32940553247334
227	54.33818530892668
228	54.35901867676
229	54.38379550353
230	54.41415269675001
231	54.46147420379
232	54.53982254796001
233	54.65976322287333
234	54.82129622873
235	55.01266559364333
236	55.21720462308667
237	55.41698174003668
238	55.59666953788668
239	55.75210134313
240	55.88930395145667
241	56.01341130007667
242	56.123753744880005
243	56.21594139769001
244	56.283203413883335
245	56.32062907122
246	56.33104575518668
247	56.32181954939333
248	56.299051654453336
249	56.26899208082667
250	56.236923575270005
251	56.20180446945667
252	56.15455736734
253	56.07896200393334
254	55.95939335333667
255	55.79213117138334
256	55.58327665848667
257	55.33863339586667
258	55.06132638850334
259	54.756191954213335
260	54.437813450270006
261	54.13372068430667
262	53.87025298568334
263	53.652990720750005
264	53.46318385852667
265	53.26928472762
266	53.04272185207
267	52.77136723557333
268	52.46295898625667
269	52.13728880362667
270	51.81675255800667
271	51.51883539748
272	51.249415307990006
273	51.002837518363336
274	50.76719724676667
275	50.52471172582333
276	50.25015769932334
277	49.91317797404666
278	49.48021594687
279	48.92150966356
280	48.23066030411
281	47.43847149098001
282	46.60163974675
283	45.77976338441
284	45.02120557942667
285	44.3572163835
286	43.80044462729667
287	43.34754209086668
288	42.97931231379
289	42.660561785430005
290	42.345085072096666
291	41.97767374877667
292	41.49872950248
293	40.865990358353336
294	40.07848905299333
295	39.17766910749667
296	38.21553953647334
297	37.200954521300005
298	36.06769371431
299	34.69983430405
300	32.99983148613
301	30.95711976683667
302	28.66693739923667
303	26.27310902643333
304	23.88039672698
305	21.51246125419667
306	19.14244244476
307	16.75478967749333
308	14.366467266216668
309	11.99935024719
310	9.673639546898334
311	7.450905207740001
312	5.476087946198334
313	3.943161298073333
314	2.973851655638333
315	2.566001277206667
316	2.723739633913333
317	3.5651100761866665
318	5.217158945568333
319	7.638703138083333
320	10.553923744155
321	13.553296275406668
322	16.315614842318332
323	18.73626617618333
324	20.844528599433332
325	22.68344533811667
326	24.277123574993336
327	25.63196213037
328	26.745431237953337
329	27.628021986633332
330	28.31485348222333
331	28.85547937836333
332	29.29774201625667
333	29.68315932172333
334	30.046701591030004
335	30.40682123556333
336	30.756152171813333
337	31.064411611283337
338	31.28651019373333
339	31.37006687993667
340	31.264635157473336
341	30.935839969663338
342	30.380705120873337
343	29.632861619350003
344	28.754139924683333
345	27.817233609770003
346	26.881071343690003
347	25.962468630516668
348	25.013955153563334
349	23.92176584315333
350	22.52905520120001
351	20.671016407120003
352	18.21879082871762
353	15.154000459329524
354	11.67257462052762
355	8.230105053759525
356	5.404526390498096
357	3.610443909831905
358	2.889492459684762
359	2.9383445814719047
360	3.332275931731429
361	3.794968025218572
362	4.342024629298095
363	5.186860213375239
364	6.494037125038096
365	8.201820568105237
366	10.037261535737144
367	11.689368866065715
368	13.010555154660477
369	14.064521612612385
370	14.978968281496666
371	15.805085722266668
372	16.530979782706666
373	17.134552211686668
374	17.575773181153334
375	17.803228915383336
376	17.791398538573336
377	17.555683862153337
378	17.158584989623336
379	16.687974090540003
380	16.21200603967667
381	15.804341673433331
382	15.60091871714
383	15.761038030253331
384	16.36118783456
385	17.337900763056666
386	18.522724155616665
387	19.72622317433333
388	20.801299361176667
389	21.650556721203333
390	22.201004062223337
391	22.40338535009
392	22.26104880465333
393	21.831062972810003
394	21.19549644309667
395	20.444602341316664
396	19.664690334236667
397	18.92071588672667
398	18.245119528760004
399	17.63060958155
400	17.046903256900002
401	16.501664257913337
402	16.091618935323336
403	15.974431241073336
404	16.278896031453336
405	17.02793001115
406	18.120640155723333
407	19.37882676519
408	20.62488537825333
409	21.729797924053333
410	22.61796903908333
411	23.27020226312333
412	23.72898278549667
413	24.075635145806668
414	24.38582911238333
415	24.69803201079
416	25.01030931412
417	25.29728895651667
418	25.53211077435667
419	25.702795581083333
420	25.818569582490003
421	25.90190305392333
422	25.973629363316668
423	26.04587650687333
424	26.120727821446668
425	26.193719013836667
426	26.26678461115
427	26.35361511228
428	26.46671053784667
429	26.60361552668
430	26.745728857446668
431	26.86968739622
432	26.962693502786667
433	27.02556563080333
434	27.062544858800003
435	27.073779996423333
436	27.057410921690003
437	27.017976332523336
438	26.976011977263337
439	26.96894351314667
440	27.03687517335
441	27.19989627697333
442	27.44111691492
443	27.708230452886667
444	27.93620702128
445	28.07809713737667
446	28.1228144734
447	28.089481084846668
448	28.008156545243335
449	27.8995998177
450	27.75659362825333
451	27.537694455906664
452	27.18888435392
453	26.678987675416664
454	26.019090748173333
455	25.25495257684
456	24.432927404753336
457	23.55777714450667
458	22.579427308596667
459	21.412014659196668
460	19.9576223674
461	18.12651814166667
462	15.858173607865
463	13.163117057246668
464	10.20135619544
465	7.342497289953333
466	5.128468322365
467	4.089590112223334
468	4.453020774175
469	5.97858133865
470	8.107081890656668
471	10.262889035536666
472	12.066277441528332
473	13.37167395055
474	14.159249660833334
475	14.421154856866668
476	14.14846095245
477	13.33417388839
478	11.942132890446668
479	9.963037348033335
480	7.597929260976667
481	5.369354138326667
482	3.95022976218
483	3.7992622500266666
484	4.9269426906966665
485	6.97702049366
486	9.505000874513334
487	12.204633325566666
488	14.926438432523335
489	17.564389233683332
490	20.012086743380003
491	22.218042780966663
492	24.20896870012
493	26.048555082813333
494	27.795879407673336
495	29.48509351731
496	31.117090270103336
497	32.66553033679333
498	34.09752675806667
499	35.394403907766666
500	36.55898917148
501	37.60906531688334
502	38.56122463328
503	39.41978260402333
504	40.185260063376674
505	40.87023143688334
506	41.50445867867667
507	42.12499542147667
508	42.75460956042333
509	43.387051084956674
510	43.99665030972667
511	44.56034172020001
512	45.06696458387668
513	45.50892960217666
514	45.87433199356666
515	46.15022530798667
516	46.32887143751
517	46.411386455186666
518	46.40900549884
519	46.34405003407
520	46.25364809852
521	46.18489798456
522	46.176490232523335
523	46.24769570765333
524	46.398737624720006
525	46.60818737660333
526	46.83117881773334
527	47.00669994197667
528	47.083039354216666
529	47.06019705445333
530	47.00640232248333
531	47.02001841645333
532	47.17106033352001
533	47.46652213277667
534	47.85737099494667
535	48.277386572063335
536	48.67999140612
537	49.04978368578667
538	49.39256699198334
539	49.71756753070334
540	50.02166029676667
541	50.27731548244
542	50.43282169250667
543	50.437881224693335
544	50.278431555690005
545	49.987657264203335
546	49.62575190241
547	49.24613817786334
548	48.871732795350006
549	48.4933839539
550	48.08058565064668
551	47.5871324517
552	46.945092697056666
553	46.05855848944
554	44.81026772977667
555	43.07603866462333
556	40.750365166693335
557	37.79366383717333
558	34.28681278612667
559	30.47936599871333
560	26.795728940326665
561	23.727569092653336
562	21.64557159394
563	20.67399260245333
564	20.69847180973
565	21.47235702112
566	22.737016855516668
567	24.26968308646
568	25.87444765131333
569	27.396325173973334
570	28.759348266616666
571	29.972073491126668
572	31.081375925203336
573	32.108312151250004
574	33.018879136803335
575	33.748716656080006
576	34.24983355813
577	34.51858400361
578	34.59083114716667
579	34.516723881526666
580	34.33897061068333
581	34.088970196283334
582	33.79328518235667
583	33.47498108323666
584	33.14313529507
585	32.77006920057667
586	32.27081242061001
587	31.514858786543336
588	30.36500569005
589	28.70324698322333
590	26.45964207373
591	23.699741665626668
592	20.716180172383336
593	17.97272324393667
594	15.87993703684
595	14.58640810699
596	13.969814823026669
597	13.81654075936
598	13.984323775576668
599	14.379860145516668
600	14.846081156423336
601	15.150620351726666
602	15.07658749091
603	14.48551508255
604	13.302365799965
605	11.522042908406668
606	9.316421692875
607	7.084461147943334
608	5.2792870247416674
609	4.1752301351400005
610	3.818235495766667
611	4.13482828245
612	5.035387810935
613	6.42054635697
614	8.117014942841667
615	9.866831831423337
616	11.431678175318336
617	12.691687704406668
618	13.629858902316668
619	14.269815320306666
620	14.650545118003333
621	14.818253729396668
622	14.813491816703335
623	14.668179075833336
624	14.40582745046
625	14.03171968754
626	13.53372779057
627	12.916390457773334
628	12.24042207539
629	11.613263297713337
630	11.142503588783336
631	10.92122346009
632	11.030449831643336
633	11.49042083219
634	12.203889276733332
635	12.97502150736
636	13.601287426456668
637	13.976213643133333
638	14.102553138253334
639	14.009323817016668
640	13.70046913846
641	13.135066415550002
642	12.187817821493336
643	10.720702294406667
644	8.794508625373334
645	6.804773184333333
646	5.366005918486667
647	4.966377279873333
648	5.659607595640001
649	7.096514739353333
650	8.827916418840001
651	10.540642472140002
652	12.07055572242
653	13.319962555333332
654	14.234398594900002
655	14.828298388846669
656	15.175769202913337
657	15.360590937873337
658	15.43707915986
659	15.429638671326668
660	15.350918302740002
661	15.21044187948667
662	15.015054650813331
663	14.771081032103336
664	14.48819365849
665	14.179562194503337
666	13.85671939746
667	13.529337902393335
668	13.208429632356667
669	12.8995749537
670	12.59332444606
671	12.26252032632
672	11.868546458970002
673	11.38818851993
674	10.839750110840004
675	10.263930703963336
676	9.687813677543335
677	9.12680084285
678	8.599865445593334
679	8.123674180070001
680	7.705221105483334
681	7.342571694836668
682	7.027318196083334
683	6.753061789096668
684	6.497481008306667
685	6.144479431102222
686	5.44755367271
687	4.208042689530001
688	2.6421174748066667
689	0.0
690	0.0
691	3.607421654252222
692	6.204846594656667
693	8.625758345653333
694	10.306490298310004
695	11.216164425183337
696	11.627177011276666
697	11.834667434612223
698	11.99729171207778
699	12.149648115423334
700	12.287892392176667
701	12.41586879481
702	12.542357099676668
703	12.66653885312
704	12.772193790153334
705	12.834545084006669
706	12.83194091309
707	12.75426221283
708	12.609470306223336
709	12.427178337356668
710	12.2500203056
711	12.112445672756666
712	12.017133014766666
713	11.915123917176668
714	11.709766433876668
715	11.31140267835
716	10.71854455273
717	10.075760749153334
718	9.643617175713333
719	9.614822485123335
720	9.956638527906668
721	10.53461567645
722	11.294959198693334
723	12.217877395220002
724	13.213340354796667
725	14.093624552053331
726	14.615946846353332
727	14.623982573973333
728	14.075544164883334
729	12.900393407456669
730	11.06274155187
731	8.837812268583335
732	6.853582789050001
733	5.76407205451
734	5.857896614793333
735	6.934609709080001
736	8.519954598843333
737	10.187665696546668
738	11.71118012672
739	13.011926330433331
740	14.069294154523334
741	14.898759815143332
742	15.552853161366668
743	16.08797309598
744	16.52480417717
745	16.83864398309
746	16.966545980800003
747	16.81342072698
748	16.259104332046668
749	15.177753333202224
750	13.492383476037778
751	11.27055439634
752	8.786547302656667
753	6.443909490926668
754	4.61206121637
755	3.549311438888889
756	3.412084028881111
757	4.234382018900001
758	5.8889234519433336
759	8.080221727083334
760	10.397710687616668
761	12.459742875435555
762	14.042756412134446
763	15.069370217046668
764	15.534028725363337
765	15.46810599699
766	14.906795542763334
767	13.83997829821
768	12.25113637885
769	10.301505170946667
770	8.46496938865
771	7.371440790310001
772	7.454104617803334
773	8.712514441840002
774	10.758351166313332
775	13.08752169384
776	15.349504609996668
777	17.404939564680003
778	19.232695570563333
779	20.864469108686663
780	22.362611473003334
781	23.78508406899
782	25.15584526966
783	26.46596648891333
784	27.6875458948
785	28.78367866414667
786	29.71708794946333
787	30.46329454347333
788	31.02467940262333
789	31.430706861353336
790	31.71857936233
791	31.908832653893334
792	31.994100652333337
793	31.95198748732667
794	31.77363897739667
795	31.4777307488
796	31.09610809242333
797	30.648339493103336
798	30.124305886366667
799	29.48926019081667
800	28.712621998763336
801	27.788959753403336
802	26.720282386666668
803	25.46968507558
804	23.92496525315667
805	21.91804228368667
806	19.313722490573337
807	16.121976128543334
808	12.596895880580002
809	9.287366585193334
810	6.916603726843333
811	6.056929682810001
812	6.833567874923333
813	8.893913552046666
814	11.637147265903334
815	14.530009203903331
816	17.280683406313333
817	19.788574468186667
818	22.034485929103337
819	24.04847736269
820	25.90130781493667
821	27.662620258283336
822	29.36448319828667
823	31.00429246403
824	32.56419088311334
825	34.01925281882
826	35.34254370270334
827	36.51977779698334
828	37.56181821476667
829	38.497162027090006
830	39.3482795093
831	40.12008138393667
832	40.81360931922667
833	41.44337226782
834	42.03779289603
835	42.62120160118667
836	43.194714456540005
837	43.74025107512
838	44.23787094757333
839	44.67068416500334
840	45.02358653577334
841	45.28616137571667
842	45.45528367985334
843	45.538914770880005
844	45.556027894546666
845	45.52485224757
846	45.45200986492667
847	45.334524551183335
848	45.17001534989333
849	44.96592274969
850	44.738541420383335
851	44.50245471954668
852	44.26331741835333
853	44.020906302233335
854	43.777155898193335
855	43.53898586060334
856	43.31279500947
857	43.10029465723001
858	42.90081515987333
859	42.71309163440333
860	42.53474312447334
861	42.36420712759334
862	42.20237650214334
863	42.04962327273999
864	41.90230160004
865	41.75140849272
866	41.58303023741667
867	41.38414597924666
868	41.15021701998667
869	40.88533562852
870	40.59902563013333
871	40.30557276280667
872	40.0179234765
873	39.73563134187334
874	39.443145737950005
875	39.12670176111333
876	38.79731133411667
877	38.497236431913336
878	38.27707237657
879	38.159512657903335
880	38.12350069341
881	38.12134295173334
882	38.10832209685
883	38.05631308204
884	37.94202717830001
885	37.732130997076666
886	37.38704113935667
887	36.86129622018333
888	36.08413719396667
889	34.96292997825667
890	33.431603035133335
891	31.49439744312667
892	29.22504844336001
893	26.739925276426668
894	24.186796044366663
895	21.75807178042
896	19.672502847186667
897	18.09087820169
898	17.046159208066666
899	16.47257194779
900	16.28864307141
901	16.432318904866666
902	16.82190288394
903	17.3169929903
904	17.764166350633335
905	18.101741314896667
906	18.40568527111333
907	18.82101334056
908	19.44936259631
909	20.288352082316667
910	21.24854712633333
911	22.21796837604333
912	23.12325261474
913	23.940590279056668
914	24.66216885614333
915	25.26968474406
916	25.739998023650003
917	26.065891421050004
918	26.271100094503332
919	26.40800508333667
920	26.53598148597
921	26.69468710614
922	26.89193445699667
923	27.11046160492667
924	27.323185171836663
925	27.507337262786663
926	27.651905954723333
927	27.75294778891
928	27.803543110876667
929	27.79632583701333
930	27.736057880013337
931	27.64461427603667
932	27.55689091632667
933	27.50971821903333
934	27.52593848402
935	27.607858262710003
936	27.740894197530004
937	27.89677243211333
938	28.03866254821
939	28.129362103353333
940	28.140671645900003
941	28.063811399496668
942	27.91031412116
943	27.701087583946663
944	27.455997891986662
945	27.18709863666
946	26.897589228270004
947	26.59022264728
948	26.27095128475667
949	25.937542994
950	25.570354885350003
951	25.141633936603338
952	24.638284887953336
953	24.080099438906668
954	23.51149730589333
955	22.96982974142667
956	22.465959858513333
957	21.98098881662667
958	21.440660539980005
959	20.68924560393667
960	19.537755600030003
961	17.860669486796667
962	15.6473473656
963	13.018845984803336
964	10.245478292376667
965	7.702393719846667
966	5.736914271393333
967	4.513995577626667
968	3.923592813256667
969	3.6556608215133335
970	3.4392170103566677
971	3.221805935696666
972	3.114836512354445
973	3.199906097805556
974	3.4026842117100005
975	3.5340088341533336
976	3.435124741673334
977	3.1311063805933337
978	2.925996913614444
979	3.2917961310722226
980	4.525379525066668
981	6.484906582693334
982	8.661770310106666
983	10.511401352270004
984	11.80398782025778
985	12.709296860595556
986	13.543921259866666
987	14.488565682906666
988	15.539832306383332
989	16.621976957343332
990	17.67547572742
991	18.656652949016667
992	19.50367816254333
993	20.12719110087667
994	20.41186419175
995	20.213128743326667
996	19.37585056975667
997	17.80159200787
998	15.55962400589
999	12.96698577974
1000	10.526207924413336
1001	8.713704920003332
1002	7.747408675413333
1003	7.508866613346667
1004	7.71429850149
1005	8.187215952056667
1006	8.950386859946668
1007	10.06765061671
1008	11.440346344486668
1009	12.794292041083336
1010	13.883802775653336
1011	14.68596184341
1012	15.35560581051
1013	16.00739260521
1014	16.662602024683334
1015	17.393109187870003
1016	18.21401828670667
1017	18.82376632122333
1018	18.795269250186667
1019	17.997351260960002
1020	16.710593175633335
1021	15.46096312805
1022	14.627405198746668
1023	14.143773444680004
1024	13.769740086583331
1025	13.499203923843334
1026	13.517433120760002
1027	13.980901150903334
1028	14.953000976553334
1029	16.39935754063
1030	18.178378346730003
1031	20.08202733551333
1032	21.912685131906663
1033	23.53872949393333
1034	24.907332953026668
1035	26.021620514366667
1036	26.90785710239
1037	27.602129086513337
1038	28.14870737352
1039	28.58464559613001
1040	28.91850031622667
1041	29.12460184826
1042	29.1562983294
1043	28.97646172180333
1044	28.597145616850003
1045	28.10220432023667
1046	27.626533888866668
1047	27.29156309552
1048	27.139479510126662
1049	27.12958366042333
1050	27.21061058043333
1051	27.40220315991667
1052	27.799078817776667
1053	28.4888865088
1054	29.46924527674
1055	30.63643471147
1056	31.83509741267
1057	32.92631945957667
1058	33.83666323046
1059	34.56538467648667
1060	35.16337673911667
1061	35.70348180099334
1062	36.24477734114333
1063	36.81084970806333
1064	37.40162449683
1065	38.01494396586666
1066	38.65065930532668
1067	39.30490146119666
1068	39.96613767636
1069	40.61234410461
1070	41.21041057216333
1071	41.723283446100005
1072	42.128566855996674
1073	42.43704951023666
1074	42.69002611997
1075	42.93496700218333
1076	43.20185732558
1077	43.49940246159
1078	43.82812324457666
1079	44.189284557536666
1080	44.57961258554333
1081	44.98482159051667
1082	45.38437582421668
1083	45.76205502175667
1084	46.110195479733335
1085	46.42611862250667
1086	46.70870837662667
1087	46.96019688869334
1088	47.18928953033667
1089	47.41004882486667
1090	47.63981111052
1091	47.89680558411334
1092	48.19033285636334
1093	48.51116672147667
1094	48.83646487979
1095	49.144129080173336
1096	49.42381704378334
1097	49.677686512296674
1098	49.91154106653333
1099	50.1273152338
1100	50.32352091613
1101	50.49852120621
1102	50.65201848444667
1103	50.78475679967333
1104	50.89934032300667
1105	51.0023166842
1106	51.10187042062
1107	51.20164737171
1108	51.29874574696
1109	51.38751077499667
1110	51.46325494825
1111	51.52263004667001
1112	51.56243666025334
1113	51.58074026199333
1114	51.58408848184334
1115	51.594356355963335
1116	51.641231433663336
1117	51.74398458018667
1118	51.90127650761334
1119	52.09666373628667
1120	52.31214028386
1121	52.536545417733336
1122	52.76318269820667
1123	52.98543009040334
1124	53.198748896400005
1125	53.40373435518333
1126	53.60165134995
1127	53.78677070440334
1128	53.94681561259334
1129	54.07196462954
1130	54.16288739925334
1131	54.22970298620668
1132	54.27977747401
1133	54.30544715946
1134	54.29078939706334
1135	54.235060137986665
1136	54.16519395077667
1137	54.12226233191333
1138	54.13505997222667
1139	54.202619608013336
1140	54.29778345625667
1141	54.38431633779334
1142	54.43081939107667
1143	54.41846818010333
1144	54.34726270487333
1145	54.23692026007
1146	54.11817006323
1147	54.01839311214
1148	53.95075907153001
1149	53.91400305820334
1150	53.89934529580667
1151	53.89755957854667
1152	53.903511969313335
1153	53.91385424845667
1154	53.92069949780334
1155	53.912886984853344
1156	53.883794674730005
1157	53.83595233352666
1158	53.77910700120001
1159	53.723377742223335
1160	53.67560980584334
1161	53.641904392873336
1162	53.626130557226666
1163	53.624493649713344
1164	53.626130557226666
1165	53.61906209311
1166	53.59733586659667
1167	53.56496974154667
1168	53.53305004573667
1169	53.51660656608
1170	53.53193397248667
1171	53.58766323156334
1172	53.67806516711334
1173	53.78632427506333
1174	53.89227683169
1175	53.983348411250006
1176	54.06392890192
1177	54.15217309579333
1178	54.26764947770668
1179	54.41965865827667
1180	54.599644075620006
1181	54.783424142153336
1182	54.94488274318667
1183	55.07025497480334
1184	55.16311227152334
1185	55.239228469193336
1186	55.31586550092667
1187	55.40269600205667
1188	55.49964556746
1189	55.600538591900005
1190	55.69763696715
1191	55.78543473168334
1192	55.86385748077667
1193	55.93744391225334
1194	56.01147677307
1195	56.090717975820006
1196	56.17799490619001
1197	56.27077779808667
1198	56.362891045973335
1199	56.449870356850006
1200	56.53245977945
1201	56.61958790007334
1202	56.72219223685
1203	56.83476682815334
1204	56.93037710573667
1205	56.98164207161333
1206	56.983055764456665
1207	56.95381464458666
1208	56.92167173420667
1209	56.90091277119667
1210	56.88558536479
1211	56.86199901619334
1212	56.82100192443667
1213	56.76058515758999
1214	56.68595705768666
1215	56.61095693336667
1216	56.55708779647333
1217	56.54414134641333
1218	56.57628425689334
1219	56.638040311660006
1220	56.70530232785333
1221	56.761701230940005
1222	56.80470725452667
1223	56.83528766241667
1224	56.84778768313667
1225	56.835213257493336
1226	56.79905248325334
1227	56.7500940688
1228	56.70277256176
1229	56.66824869503333
1230	56.64920104446001
1231	56.63967721907334
1232	56.62702838860667
1233	56.59347178538334
1234	56.52301035908667
1235	56.4108077921
1236	56.26385814381667
1237	56.09309893216667
1238	55.90299445035001
1239	55.68394646825667
1240	55.41683293019
1241	55.09175798664667
1242	54.72576035617001
1243	54.35886986701333
1244	54.02851217651333
1245	53.74986588133
1246	53.522335742276674
1247	53.348897954786665
1248	53.24376385191668
1249	53.220475122913335
1250	53.27508830864
1251	53.38550515836667
1252	53.52501431811667
1253	53.67069908340334
1254	53.805595140406666
1255	53.92471736166334
1256	54.03833362139334
1257	54.16437549702
1258	54.31757515566333
1259	54.50299212971
1260	54.7143764087
1261	54.93647499115001
1262	55.14860331897334
1263	55.32992802423667
1264	55.47040444759
1265	55.57918438980334
1266	55.67710121881
1267	55.78007757990334
1268	55.88967597587334
1269	55.99451245925
1270	56.08134296028
1271	56.15009307424
1272	56.21750390028001
1273	56.30433440131
1274	56.41832268555667
1275	56.546596707683335
1276	56.66661178752
1277	56.76713278754334
1278	56.852326381160005
1279	56.925168763803335
1280	56.97606170526334
1281	56.98975220415667
1282	56.961255133120005
1283	56.90344253729001
1284	56.837519808916674
1285	56.77993042775667
1286	56.73871012133001
1287	56.71423091415333
1288	56.700093985920006
1289	56.68595705768666
1290	56.66132904066334
1291	56.61973670982
1292	56.56318899708667
1293	56.502400205823335
1294	56.45068881060667
1295	56.41735542205334
1296	56.40306968407334
1297	56.39696848346001
1298	56.38201310157001
1299	56.34838209342334
1300	56.300911776636674
1301	56.25321824518
1302	56.21571818302
1303	56.1875931364
1304	56.15879844577
1305	56.12137278853333
1306	56.07851557459333
1307	56.03989943918334
1308	56.01073272423668
1309	55.98952733188667
1310	55.97286063756
1311	55.959616568006666
1312	55.95366417724
1313	55.96229514394667
1314	55.990717810060005
1315	56.03833693659334
1316	56.09838167902333
1317	56.160881782623335
1318	56.22018247612
1319	56.28089686246
1320	56.35247436210667
1321	56.43699831171334
1322	56.52561453000334
1323	56.606790259860006
1324	56.67613561290667
1325	56.73826369209
1326	56.80046617609667
1327	56.86609128487667
1328	56.93342770599333
1329	57.00039210269333
1330	57.06839816782
1331	57.13722268670333
1332	57.19853231213
1333	57.23833892571333
1334	57.24369607749333
1335	57.21080911818
1336	57.14838341950334
1337	57.06356185030334
1338	56.94540689255
1339	56.77152267572001
1340	56.53074846711334
1341	56.236774765523336
1342	55.91184863172666
1343	55.54391647424334
1344	55.05976388591333
1345	54.350834139393335
1346	53.33520745589334
1347	51.99443142392668
1348	50.34122927878333
1349	48.36101766309
1350	46.002159586353336
1351	43.21510139513333
1352	39.99277462521334
1353	36.38294721307334
1354	32.47758359665333
1355	28.428097717536662
1356	24.50562097755
1357	21.12481180213
1358	18.758810856453334
1359	17.771234814650004
1360	18.2433338115
1361	19.91216098254333
1362	22.293712549196663
1363	24.893865668803336
1364	27.33910781723
1365	29.37564393108667
1366	30.813071908963337
1367	31.522299275076666
1368	31.52631713893667
1369	31.091718204246668
1370	30.67304191495
1371	30.687253248106664
1372	31.279739349210004
1373	32.26307431248333
1374	33.27609682506667
1375	34.03919332807334
1376	34.47014642332
1377	34.56880730116
1378	34.26657465728
1379	33.43495125498333
1380	32.00317804838
1381	30.02631465253667
1382	27.623706503280005
1383	24.89155911728
1384	21.97987274327667
1385	19.270642061963336
1386	17.364612116833335
1387	16.80159035027
1388	17.75315442758
1389	19.94266698551
1390	22.845722392806664
1391	25.98620378896
1392	29.08881309853667
1393	32.04506799881667
1394	34.81672437880667
1395	37.370746469446665
1396	39.66174729080333
1397	41.64999463411667
1398	43.32894086953333
1399	44.73482117611667
1400	45.93236780406668
1401	46.98757788648
1402	47.943383042220006
1403	48.81280412627
1404	49.58787981573334
1405	50.25216663115334
1406	50.79896813283
1407	51.253358766926674
1408	51.67173743663
1409	52.11117268883668
1410	52.598003853006674
1411	53.1206237669
1412	53.646517495720005
1413	54.14614630010333
1414	54.60596849090334
1415	55.0291090732
1416	55.427249614156665
1417	55.80961631936667
1418	56.18015264786666
1419	56.53908181422666
1420	56.88201393037
1421	57.20329422482335
1422	57.49979769250667
1423	57.76944099656667
1424	58.013637829946674
1425	58.24042392016667
1426	58.45984392667667
1427	58.68060322120667
1428	58.90731490650334
1429	59.13201765997001
1430	59.334919782
1431	59.49868493435667
1432	59.61847679962334
1433	59.70285193948334
1434	59.76788180917667
1435	59.82472714150334
1436	59.87353674621001
1437	59.91111121329334
1438	59.939310664736674
1439	59.96453392084667
1440	59.991766108886665
1441	60.016691745403335
1442	60.01996556033
1443	59.97517381948333
1444	59.87145340945667
1445	59.72733114676
1446	59.57963744954333
1447	59.46014320387
1448	59.37762818609334
1449	59.31736022909333
1450	59.26051489676667
1451	59.20158622758667
1452	59.14570815876333
1453	59.10099082274001
1454	59.07837173764666
1455	59.08960687537
1456	59.14102065099333
1457	59.22881841562667
1458	59.336705499260006
1459	59.44102114827333
1460	59.525098668640005
1461	59.58737555757
1462	59.635664328113336
1463	59.67941440063333
1464	59.72532221483001
1465	59.77487586837
1466	59.82658726358667
1467	59.87792663448667
1468	59.92227194599334
1469	59.94898329987
1470	59.9487600852
1471	59.91810527248667
1472	59.86312006224334
1473	59.801512817323335
1474	59.75642345688333
1475	59.74303057748334
1476	59.75939965221667
1477	59.79005446493
1478	59.81765867738667
1479	59.83439977653667
1480	59.84496527025
1481	59.85739088614667
1482	59.87621532205
1483	59.905828466436674
1484	59.94905770469333
1485	60.00054588534
1486	60.048090606950005
1487	60.08105197118667
1488	60.10009962176001
1489	60.11929608218001
1490	60.15277828048001
1491	60.20009978752
1492	60.2478677238
1493	60.28350766387668
1494	60.30501067572
1495	60.31542735968667
1496	60.30984699323667
1497	60.27413264833667
1498	60.196007518836666
1499	60.07323945823667
1500	59.912822525630006
1501	59.72495019041333
1502	59.520262351123336
1503	59.314830463
1504	59.13142242088333
1505	58.98953230468667
1506	58.895484529793336
1507	58.83930884137667
1508	58.79645162753667
1509	58.735886050943336
1510	58.63097516274333
1511	58.46817727379
1512	58.25277513104
1513	58.00418840948333
1514	57.74012547177334
1515	57.46467858659334
1516	57.17055607525667
1517	56.85165673715
1518	56.51006390902667
1519	56.14265258570668
1520	55.72047926691334
1521	55.19168374748333
1522	54.519584419113336
1523	53.73565454827334
1524	52.958718736626665
1525	52.34398557474667
1526	51.99725880951333
1527	51.92769024189667
1528	52.06466963555334
1529	52.31214028386
1530	52.59725980407333
1531	52.881486465706665
1532	53.145847023010006
1533	53.38379384593
1534	53.60328825746334
1535	53.81921123437667
1536	54.03677111880333
1537	54.24510479753668
1538	54.43022415199
1539	54.594956567850005
1540	54.767724711430006
1541	54.98907924494667
1542	55.28201127821001
1543	55.63483924395668
1544	56.01408094398666
1545	56.38595656040667
1546	56.72301069060667
1547	56.99987126853
1548	57.19146384801334
1549	57.28097292498334
1550	57.2724163632
1551	57.191538252936674
1552	57.06951424117001
1553	56.92435031004668
1554	56.75760896225667
1555	56.56862055369
1556	56.37234046643667
1557	56.20522709423
1558	56.11214658274
1559	56.12122397878667
1560	56.22739974998333
1561	56.39860539097334
1562	56.59540631239
1563	56.786478057710006
1564	56.95113606874667
1565	57.07249043650334
1566	57.13313041802
1567	57.11951432405
1568	57.02985643733333
1569	56.881344286360005
1570	56.714751748316665
1571	56.58737058477
1572	56.54934968844667
1573	56.61876944631667
1574	56.77598696882
1575	56.98007956902333
1576	57.19429123370001
1577	57.40136002933667
1578	57.59845857024667
1579	57.785438046883336
1580	57.963042507980006
1581	58.13618267587668
1582	58.31363832722667
1583	58.50471007244667
1584	58.713787800013336
1585	58.937300075306666
1586	59.16624390710333
1587	59.387300821226674
1588	59.58201840589
1589	59.733283537526674
1590	59.83573906455667
1591	59.89883440714334
1592	59.941468406413335
1593	59.981200615173336
1594	60.02331378018
1595	60.061037057010005
1596	60.08655793261334
1597	60.098611524093336
1598	60.10151331460334
1599	60.10091807551667
1600	60.10009962176001
1601	60.099429977750006
1602	60.09980200226667
1603	60.10463831978333
1604	60.11483178908001
1605	60.12212346776666
1606	60.11126035456
1607	60.06959361879333
1608	59.99630480681
1609	59.90493560775667
1610	59.81445926728333
1611	59.73722699646334
1612	59.67740546870333
1613	59.63648278187
1614	59.615426199366674
1615	59.61267321860334
1616	59.62294109272333
1617	59.63945897720334
1618	59.65768817412
1619	59.67814951753667
1620	59.70463765674334
1621	59.73648294763
1622	59.764012755163336
1623	59.77301574628667
1624	59.75047106601667
1625	59.68536679140001
1626	59.56884874116
1627	59.39898238819
1628	59.18618441635667
1629	58.95158581318667
1630	58.71735923453333
1631	58.49652553508
1632	58.29511151081667
1633	58.12673325551334
1634	58.01847414746334
1635	57.99637589653333
1636	58.06609327399667
1637	58.20932267811333
1638	58.39831108658
1639	58.61140667790667
1640	58.83603502645
1641	59.064160404590005
1642	59.28863994338667
1643	59.50106589070334
1644	59.68975667967667
1645	59.837524781716674
1646	59.921974326500006
1647	59.921602302083336
1648	59.82316463891333
1649	59.62323871231667
1650	59.32450309803333
1651	58.932761377283335
1652	58.45932309251334
1653	57.92554244582
1654	57.361999844993335
1655	56.80254951285
1656	56.27821828662
1657	55.81303894414
1658	55.42471984806333
1659	55.12925804880668
1660	54.94138571359
1661	54.86854333094667
1662	54.904480890516666
1663	55.02657930710667
1664	55.19785935292
1665	55.376877506860005
1666	55.53483907819667
1667	55.66504762733
1668	55.77390197446667
1669	55.86616403220001
1670	55.93818796108667
1671	55.98030112609334
1672	55.98707197071668
1673	55.96489931486334
1674	55.92650639412334
1675	55.88030096033333
1676	55.824348486686674
1677	55.74681859627333
1678	55.63409519512334
1679	55.48230922922333
1680	55.30277024112
1681	55.11556754991333
1682	54.93721903998334
1683	54.77598365362
1684	54.636995328033336
1685	54.52657847830667
1686	54.450834305153336
1687	54.41251578923666
1688	54.411027691570006
1689	54.44733727555667
1690	54.52925705424667
1691	54.66846859450334
1692	54.86802249668334
1693	55.1116984959
1694	55.36809773040667
1695	55.60835110485001
1696	55.822265149833335
1697	56.01884285668
1698	56.20902174332
1699	56.38461727248667
1700	56.51690915847333
1701	56.579260452326665
1702	56.57048067587333
1703	56.51787642197667
1704	56.45872453822667
1705	56.41571851454
1706	56.38818870700667
1707	56.362965450896674
1708	56.32687908158
1709	56.266983148996665
1710	56.16214666562
1711	55.9800035066
1712	55.68908040526667
1713	55.279704726686674
1714	54.77672770255334
1715	54.22866131788
1716	53.672335990916665
1717	53.10365945308
1718	52.48996795962667
1719	51.8125858844
1720	51.09785255676
1721	50.41027701233667
1722	49.80759744193667
1723	49.29256682622333
1724	48.80752137941334
1725	48.27396394739
1726	47.63943908600334
1727	46.88854498422334
1728	45.99747207858333
1729	44.87261902363
1730	43.34657482736333
1731	41.250068376
1732	38.50951323806333
1733	35.199463108433335
1734	31.503177219580003
1735	27.6071886187
1736	23.621690940950003
1737	19.5781574527
1738	15.487451267156668
1739	11.473084493953335
1740	7.941605425883334
1741	5.5631044594866665
1742	4.9450974826900005
1743	6.259906209733334
1744	9.141160985693336
1745	12.91341426234
1746	16.979343621113337
1747	21.03917177927333
1748	24.99513071756
1749	28.77318757535667
1750	32.28733030509
1751	35.483094530980004
1752	38.34388796352334
1753	40.86896655378668
1754	43.06748210284001
1755	44.97113109162333
1756	46.63794933073667
1757	48.12641905992
1758	49.46034984244
1759	50.62835773092667
1760	51.61965401699668
1761	52.45239349254334
1762	53.165564317593336
1763	53.784240938310006
1764	54.29287273381667
1765	54.64800725108667
1766	54.822635516750005
1767	54.83907899630667
1768	54.75968898381001
1769	54.64823046575667
1770	54.536846352526666
1771	54.41846818010333
1772	54.26511971161334
1773	54.05745567689
1774	53.803735018223335
1775	53.54168101244333
1776	53.324939581773336
1777	53.19525186680334
1778	53.16191847815
1779	53.21043046336334
1780	53.324790772026674
1781	53.498079749670005
1782	53.72992537207667
1783	54.01816989747
1784	54.34927163680333
1785	54.69644483137667
1786	55.03067157579
1787	55.33580601018
1788	55.613782661453335
1789	55.87620869165
1790	56.13171506757666
1791	56.378144047456665
1792	56.60091227391667
1793	56.7746476809
1794	56.86668652396334
1795	56.84935018572666
1796	56.72092735375333
1797	56.513709748370005
1798	56.27814388169667
1799	56.06058399727001
1800	55.89019681013667
1801	55.7768781699
1802	55.715568544473335
1803	55.69175898120667
1804	55.693470293543335
1805	55.72851499443333
1806	55.8237532476
1807	55.99763746443001
1808	56.23484023851667
1809	56.49280197561334
1810	56.733204159803336
1811	56.94243069711667
1812	57.11891908496334
1813	57.24674667775001
1814	57.29138960895
1815	57.22554128550001
1816	57.05478207385
1817	56.80961797696667
1818	56.51244486537333
1819	56.161253807040005
1820	55.74473525942
1821	55.26221957870333
1822	54.72650440500334
1823	54.15269393005667
1824	53.54651732996
1825	52.90752817557334
1826	52.25298840011
1827	51.64160345808
1828	51.16660267072
1829	50.914221300073336
1830	50.91459332449
1831	51.122406168960005
1832	51.44621622950667
1833	51.80559182520667
1834	52.172705528933335
1835	52.57062285522
1836	53.036843866126674
1837	53.5849102508
1838	54.18825946521
1839	54.79034379652334
1840	55.33498755642334
1841	55.79741391824
1842	56.18960206833
1843	56.53960264849
1844	56.86921629005667
1845	57.185065027906674
1846	57.48439588117667
1847	57.76780408905334
1848	58.04079561306334
1849	58.301510330923335
1850	58.53454643150334
1851	58.72055864453667
1852	58.84972552534333
1853	58.92532088875
1854	58.95605010638667
1855	58.94399651490667
1856	58.87502318627666
1857	58.71936816636334
1858	58.44459092519334
1859	58.03075095351333
1860	57.479410753913335
1861	56.81423107991334
1862	56.07167032524667
1863	55.29309760608668
1864	54.52970348348667
1865	53.84443449048667
1866	53.29621929606667
1867	52.92092105487334
1868	52.72612906538667
1869	52.700533784860006
1870	52.82709649465001
1871	53.08736478317
1872	53.45961242400667
1873	53.923006049326666
1874	54.46512004313334
1875	55.080299634253336
1876	55.75783051922667
1877	56.469364436763335
1878	57.16333880139334
1879	57.76929218682
1880	58.21185244420667
1881	58.432537333813336
1882	58.412894444053336
1883	58.184322636673336
1884	57.81512559609334
1885	57.38424690567
1886	56.95790691327
1887	56.57836759364666
1888	56.26623910006334
1889	56.028441086890005
1890	55.86311343184333
1891	55.76296445633668
1892	55.717651881226665
1893	55.711104251373335
1894	55.72040486199
1895	55.72382748666334
1896	55.70961615360667
1897	55.67658038454668
1898	55.62806839943334
1899	55.56355936390334
1900	55.47434790652667
1901	55.348008411406674
1902	55.17576110209
1903	54.95247204146667
1904	54.67032871658667
1905	54.32010492185667
1906	53.903660779160006
1907	53.43818381708666
1908	52.93379310001001
1909	52.35678321506001
1910	51.61652901181667
1911	50.59651244004
1912	49.20491787143667
1913	47.40484048293333
1914	45.20892910489667
1915	42.65587427766
1916	39.796643347806665
1917	36.697010233663335
1918	33.433463157316666
1919	30.069023056630005
1920	26.661353717586667
1921	23.34780655836
1922	20.399661790623338
1923	18.12175622907333
1924	16.683286582770002
1925	16.042437306200004
1926	16.010592015313332
1927	16.389387286003334
1928	17.046308017813335
1929	17.873541531933334
1930	18.733364385673333
1931	19.47763645277667
1932	20.011342694546663
1933	20.324289641886672
1934	20.46178986980667
1935	20.47719168103667
1936	20.393262970516663
1937	20.1875334628
1938	19.83887217056
1939	19.38083569702
1940	18.88462951741
1941	18.41907815041333
1942	18.039762045560003
1943	17.803080105536665
1944	17.769746716983335
1945	17.93098210334667
1946	18.14154792848
1947	18.22123556057
1948	18.116696696886667
1949	17.91989577537
1950	17.766696116726667
1951	17.724657356543336
1952	17.75494014484
1953	17.798094978273333
1954	17.864389730963335
1955	17.99757447563
1956	18.20791708619333
1957	18.476667531673336
1958	18.775998384943332
1959	19.075552452883336
1960	19.33351419008
1961	19.455538201846668
1962	19.31677309083
1963	18.881281297560005
1964	18.26230705725
1965	17.666175116703332
1966	17.272201249353333
1967	17.078004498953334
1968	16.875176781746667
1969	16.452185009196665
1970	15.794966657893337
1971	15.095858356153334
1972	14.614384343763335
1973	14.471973393503337
1974	14.54868483016
1975	14.636333784946666
1976	14.644592727236668
1977	14.587003346076669
1978	14.461259089943333
1979	14.20426461635
1980	13.727403706906667
1981	13.01631621871
1982	12.166240404826668
1983	11.289527642090002
1984	10.46675842107
1985	9.761474513923332
1986	9.20358668441
1987	8.77970205321
1988	8.428510994886667
1989	8.024938897356666
1990	7.386917006433333
1991	6.30737652652
1992	4.692418492430001
1993	2.828948141636667
1994	0.0
